[gd_scene load_steps=9 format=2]

[ext_resource path="res://player/player.tscn" type="PackedScene" id=1]
[ext_resource path="res://level/sections/prison.tscn" type="PackedScene" id=2]
[ext_resource path="res://level/sections/prison_corridor.tscn" type="PackedScene" id=3]
[ext_resource path="res://level/level.gd" type="Script" id=4]
[ext_resource path="res://level/prison_exit.tscn" type="PackedScene" id=5]
[ext_resource path="res://level/game_info/game_info.tscn" type="PackedScene" id=6]
[ext_resource path="res://level/world.tres" type="Environment" id=7]

[sub_resource type="GIProbeData" id=1]

[node name="Level" type="Spatial"]
transform = Transform( 1, 0, 0, 0, 1, 0, 0, 0, 1, 0, 0, 5.24196 )
script = ExtResource( 4 )

[node name="Player" parent="." instance=ExtResource( 1 )]
transform = Transform( 1, 0, 0, 0, 1, 0, 0, 0, 1, -3.93976, 0.681121, -5.68488 )

[node name="EditorOnly" type="Spatial" parent="."]
transform = Transform( 0.786763, 0, 0.617256, 0, 1, 0, -0.617256, 0, 0.786763, 0, 0, 0 )

[node name="DirectionalLight" type="DirectionalLight" parent="EditorOnly"]
transform = Transform( 0.602562, -0.58449, 0.543406, 0.434054, 0.811401, 0.391442, -0.669714, 0, 0.742619, 0, 10.4729, 0 )
light_color = Color( 0.960784, 1, 0.686275, 1 )
light_energy = 0.2
light_indirect_energy = 0.2
editor_only = true

[node name="DirectionalLight2" type="DirectionalLight" parent="EditorOnly"]
transform = Transform( -0.456512, 0.572692, -0.680898, 0.434054, 0.811401, 0.391441, 0.776656, -0.116849, -0.618993, -3.49471, 10.4729, -3.40826 )
light_color = Color( 0.960784, 1, 0.686275, 1 )
light_energy = 0.2
light_indirect_energy = 0.2
editor_only = true

[node name="GameInfo" parent="." instance=ExtResource( 6 )]

[node name="Sections" type="Spatial" parent="."]

[node name="Prison" parent="Sections" instance=ExtResource( 2 )]

[node name="PrisonCorridor" parent="Sections" instance=ExtResource( 3 )]

[node name="PrisonExit" parent="Sections" instance=ExtResource( 5 )]

[node name="GIProbe" type="GIProbe" parent="."]
extents = Vector3( 24.9492, 10, 20.306 )
data = SubResource( 1 )

[node name="WorldEnvironment" type="WorldEnvironment" parent="."]
environment = ExtResource( 7 )
