[gd_scene load_steps=9 format=2]

[ext_resource path="res://level/level_base.tscn" type="PackedScene" id=1]
[ext_resource path="res://level/furniture/torch_wall/torch_wall.tscn" type="PackedScene" id=2]
[ext_resource path="res://actionables/chair.tscn" type="PackedScene" id=3]
[ext_resource path="res://level/furniture/torch_floor/torch_floor.tscn" type="PackedScene" id=4]
[ext_resource path="res://level/furniture/table.tscn" type="PackedScene" id=5]
[ext_resource path="res://actionables/sword.tscn" type="PackedScene" id=6]
[ext_resource path="res://actionables/sharpening_stone.tscn" type="PackedScene" id=7]
[ext_resource path="res://level/furniture/candle.tscn" type="PackedScene" id=8]

[node name="PrisonExit" instance=ExtResource( 1 )]

[node name="WallGrid" parent="." index="0"]
data = {
"cells": PoolIntArray( 65528, 0, 1, 65528, 1, 655366, 65528, 2, 655366, 65527, 3, 0, 65529, 3, 1441792, 65527, 4, 1048576, 65529, 4, 655360, 65528, 5, 5, 65529, 65530, 655360, 65530, 65530, 1074397185, 65528, 65531, 0, 65530, 65531, 655360, 65528, 65532, 1, 65529, 65532, 0, 65528, 65533, 655366, 65528, 65534, 1, 65528, 65535, 1 )
}

[node name="FloorGrid" parent="." index="1"]
data = {
"cells": PoolIntArray( 65528, 0, 0, 65528, 1, 0, 65528, 2, 0, 65527, 3, 0, 65528, 3, 0, 65529, 3, 0, 65527, 4, 0, 65528, 4, 0, 65529, 4, 0, 65528, 5, 0, 65529, 65530, 0, 65530, 65530, 0, 65528, 65531, 0, 65529, 65531, 0, 65530, 65531, 0, 65528, 65532, 0, 65529, 65532, 0, 65528, 65533, 0, 65528, 65534, 0, 65528, 65535, 0 )
}

[node name="TorchWall" parent="Lights" index="0" instance=ExtResource( 2 )]
transform = Transform( -1.62921e-07, 0, 1, 0, 1, 0, -1, 0, -1.62921e-07, -15.9738, 1.6, -5.725 )

[node name="TorchWall2" parent="Lights" index="1" instance=ExtResource( 2 )]
transform = Transform( -1.62921e-07, 0, 1, 0, 1, 0, -1, 0, -1.62921e-07, -15.9738, 1.6, 2.86873 )

[node name="TorchFloor" parent="Lights" index="2" instance=ExtResource( 4 )]
transform = Transform( 1, 0, 0, 0, 1, 0, 0, 0, 1, -12.6798, 0, 6.48025 )

[node name="Furniture" type="Spatial" parent="." index="3"]

[node name="Table" parent="Furniture" index="0" instance=ExtResource( 5 )]
transform = Transform( 0.991044, 0, 0.133536, 0, 1, 0, -0.133536, 0, 0.991044, -17.1057, 0, 8.11024 )

[node name="Chair" parent="Furniture" index="1" instance=ExtResource( 3 )]
transform = Transform( 0.788086, 0, 0.615565, 0, 1, 0, -0.615565, 0, 0.788086, -12.6557, 0, 7.12301 )

[node name="candle" parent="Furniture" index="2" instance=ExtResource( 8 )]
transform = Transform( 1, 0, 0, 0, 1, 0, 0, 0, 1, -17.1102, 0.902745, 8.21489 )

[node name="Sword" parent="." index="4" instance=ExtResource( 6 )]
transform = Transform( 0.836066, -0.546107, -0.0525455, -0.0512302, 0.0176459, -0.998531, 0.546232, 0.83753, -0.013224, -17.3478, 0.956766, 7.44919 )

[node name="SharpeningStone" parent="." index="5" instance=ExtResource( 7 )]
transform = Transform( 0.994282, 0, -0.106785, 0, 1, 0, 0.106785, 0, 0.994282, -16.9257, 0.830443, 8.66121 )
