[gd_scene load_steps=12 format=2]

[ext_resource path="res://level/level_base.tscn" type="PackedScene" id=1]
[ext_resource path="res://level/furniture/torch_wall/torch_wall.tscn" type="PackedScene" id=2]
[ext_resource path="res://level/furniture/torch_floor/torch_floor.tscn" type="PackedScene" id=3]
[ext_resource path="res://actionables/bed.tscn" type="PackedScene" id=4]
[ext_resource path="res://level/furniture/table_2.tscn" type="PackedScene" id=5]
[ext_resource path="res://actionables/chair.tscn" type="PackedScene" id=6]
[ext_resource path="res://level/furniture/candle.tscn" type="PackedScene" id=7]
[ext_resource path="res://actionables/sharpening_stone.tscn" type="PackedScene" id=8]
[ext_resource path="res://actionables/chest_gold.tscn" type="PackedScene" id=9]
[ext_resource path="res://level/grid_floor.meshlib" type="MeshLibrary" id=10]
[ext_resource path="res://actionables/door.tscn" type="PackedScene" id=11]

[node name="LevelBase" instance=ExtResource( 1 )]

[node name="WallGrid" parent="." index="0"]
data = {
"cells": PoolIntArray( 0, 65528, 1441798, 1, 65528, 1441792, 65530, 65528, 0, 65531, 65528, 1441793, 65532, 65528, 1441798, 65533, 65528, 1441798, 65534, 65528, 1441793, 65535, 65528, 1441798, 1, 65529, 655365, 65530, 65529, 1, 65531, 65529, 0, 65534, 65529, 655365, 0, 65530, 0, 2, 65530, 1441792, 65532, 65530, 655360, 65533, 65530, 1441793, 65534, 65530, 655361, 0, 65531, 1048576, 1, 65531, 1048577, 2, 65531, 655360, 65532, 65531, 1048576, 65534, 65531, 655360 )
}

[node name="FloorGrid" parent="." index="1"]
data = {
"cells": PoolIntArray( 0, 65528, 0, 1, 65528, 0, 65530, 65528, 0, 65531, 65528, 0, 65532, 65528, 0, 65533, 65528, 0, 65534, 65528, 0, 65535, 65528, 0, 65530, 65529, 0, 65531, 65529, 0, 65534, 65529, 0, 65532, 65530, 0, 65533, 65530, 0, 65534, 65530, 0, 65532, 65531, 0, 65533, 65531, 0, 65534, 65531, 0 )
}

[node name="FloorGrid2" type="GridMap" parent="." index="2"]
mesh_library = ExtResource( 10 )
data = {
"cells": PoolIntArray( 1, 65529, 0, 0, 65530, 0, 1, 65530, 0, 2, 65530, 0, 0, 65531, -1073741824, 1, 65531, 0, 2, 65531, 0 )
}
__meta__ = {
"_editor_clip_": 0
}

[node name="TorchFloor" parent="Lights" index="0" instance=ExtResource( 3 )]
transform = Transform( 1, 0, 0, 0, 1, 0, 0, 0, 1, -2.96714, 0, -8.32222 )

[node name="TorchFloor2" parent="Lights" index="1" instance=ExtResource( 3 )]
transform = Transform( 1, 0, 0, 0, 1, 0, 0, 0, 1, 3.8294, 0, -8.32222 )

[node name="TorchWall" parent="Lights" index="2" instance=ExtResource( 2 )]
transform = Transform( -1, 0, -3.25841e-07, 0, 1, 0, 3.25841e-07, 0, -1, 0, 1.6, -14.01 )

[node name="TorchWall2" parent="Lights" index="3" instance=ExtResource( 2 )]
transform = Transform( -1, 0, -3.25841e-07, 0, 1, 0, 3.25841e-07, 0, -1, -7.15921, 1.6, -14.01 )

[node name="TorchWall3" parent="Lights" index="4" instance=ExtResource( 2 )]
transform = Transform( -1.62921e-07, 0, 1, 0, 1, 0, -1, 0, -1.62921e-07, -11.992, 1.6, -12.4662 )

[node name="ChestGold" parent="." index="4" instance=ExtResource( 9 )]
transform = Transform( -0.354112, 0, 0.935203, 0, 1, 0, -0.935203, 0, -0.354112, -6.75757, 0, -9.09251 )

[node name="Furniture" type="Spatial" parent="." index="5"]

[node name="Bed" parent="Furniture" index="0" instance=ExtResource( 4 )]
transform = Transform( -0.999713, 0, 0.0239608, 0, 1, 0, -0.0239608, 0, -0.999713, 0.748781, 0.363204, -9.30815 )

[node name="Bed2" parent="Furniture" index="1" instance=ExtResource( 4 )]
transform = Transform( -0.999297, 0, -0.0374811, 0, 1, 0, 0.0374811, 0, -0.999297, 2.70486, 0.363204, -9.30815 )

[node name="table_2" parent="Furniture" index="2" instance=ExtResource( 5 )]
transform = Transform( 0.954016, 0, 0.299757, 0, 1, 0, -0.299757, 0, 0.954016, 5.23109, 0, -11.1723 )

[node name="Chair" parent="Furniture" index="3" instance=ExtResource( 6 )]
transform = Transform( -0.736487, 0, -0.676452, 0, 1, 0, 0.676452, 0, -0.736487, 4.63687, 0, -10.7511 )

[node name="candle" parent="Furniture" index="4" instance=ExtResource( 7 )]
transform = Transform( 1, 0, 0, 0, 1, 0, 0, 0, 1, 5.00611, 0.929857, -11.6031 )

[node name="table_3" parent="Furniture" index="5" instance=ExtResource( 5 )]
transform = Transform( 0.999183, 0, -0.0404282, 0, 1, 0, 0.0404282, 0, 0.999183, -2.57111, 0, -10.503 )

[node name="Chair2" parent="Furniture" index="6" instance=ExtResource( 6 )]
transform = Transform( -0.921816, 0, -0.387628, 0, 1, 0, 0.387628, 0, -0.921816, -3.27273, 0, -10.3075 )

[node name="candle2" parent="Furniture" index="7" instance=ExtResource( 7 )]
transform = Transform( 0.941117, 0, -0.338081, 0, 1, 0, 0.338081, 0, 0.941117, -2.61692, 0.922144, -11.0409 )

[node name="SharpeningStone" parent="." index="6" instance=ExtResource( 8 )]
transform = Transform( 1, 0, 0, 0, 1, 0, 0, 0, 1, 5.28721, 0.843115, -10.9137 )

[node name="Door" parent="." index="7" instance=ExtResource( 11 )]
transform = Transform( 1, 0, 0, 0, 1, 0, 0, 0, 1, 3.00507, 0, -12.8866 )

[node name="Door2" parent="." index="8" instance=ExtResource( 11 )]
transform = Transform( 1, 0, 0, 0, 1, 0, 0, 0, 1, -3.01396, 0, -12.8866 )
